00000000010000010101000000100000
00000000001001010101100000100010
00000000100001010110000000100100
00000000110001110110100000100101
00000000111000100111000000101010
00000000000001110111100001000011
00000000000001111000000001000010
00000000000001111000100001000000
00000000010001111001000000000100
00100000010100110000000000000101
00100100010101000000000000000110
00110000011101010000000000000111
00110100011101100000000000000111
00111100000101110000000000000111
00101100010110001000000010001100
00101000010110011000000010001100
00010000010010000000000000000100
00100000010111100000000000000101
00100100010110100000000000000110
00100000010110110000000000000101
00010100010010010000000000000100
00100000010111110000000000000101
00100100010111010000000000000110
00100000010111100000000000000101
10001100000010010000000000000100
10101100000010110000000000000100